   MaxTime        MinTime     JacobiMin     JacobiMax      Residuals        MPUls   
1.96393435800 1.96387871700 1.81471300600 1.90195712100  12019999.9905  879.866474641
1.95907572700 1.95907146500 1.81570685600 1.89943097100  1999999.99999  882.048598829
1.92065720600 1.92065298700 1.81795159500 1.86104557200  425925.925796  899.692040101
1.92190163900 1.92188455800 1.81848866300 1.86066635400  126543.209847  899.109488714
1.92071700100 1.92071322500 1.81830694600 1.86104669800  51826.1316865  899.664031245
1.92076176100 1.92075786900 1.81921842700 1.86083327700  26702.1350983  899.643066145
1.92027975900 1.92027565400 1.81936938200 1.86082440800  15893.9988843  899.868882074
1.92108844800 1.92108372300 1.81984301500 1.86165155600  10378.2429902  899.490079074
1.92136170000 1.92134556100 1.81925813700 1.86180294800  7222.26330360  899.362155496
1.92074115800 1.92073707000 1.81988690500 1.86120502400  5266.18987001  899.652716246
