   MaxTime        MinTime     JacobiMin     JacobiMax      Residuals        MPUls   
2.96242078000 2.96241651100 2.85244907400 2.87350259900  12019999.9905  583.306737404
2.96210475800 2.96210028600 2.85466787500 2.87566401900  1999999.99999  583.368969424
2.95250912100 2.95249518800 2.84440141700 2.86586614400  425925.925796  585.264915088
2.95649333700 2.95648557300 2.84671783100 2.86962640200  126543.209849  584.476203066
2.94710547200 2.94710051200 2.83769847500 2.86070972200  51826.1316872  586.338024349
2.95443844700 2.95443361800 2.84790406200 2.86795538300  26702.1350985  584.882721708
2.94840704100 2.94840330500 2.83893886700 2.86196506700  15893.9988845  586.079186480
2.94648904300 2.94648457500 2.83812559900 2.85990277600  10378.2429902  586.460690938
2.94607358300 2.94606394900 2.83920211400 2.85948453800  7222.26330355  586.543394561
2.94551339600 2.94551048900 2.83827126000 2.85878067700  5266.18987010  586.654945228
