   MaxTime        MinTime     JacobiMin     JacobiMax      Residuals        MPUls   
2.17525359000 2.17517737900 1.96477478200 2.10702347100  12019999.9905  794.390138209
2.03129731400 2.03128791600 1.96090373700 1.96677267200  1999999.99999  850.687877196
2.05385287200 2.05384230200 1.96203260600 1.98930558400  425925.925796  841.345562556
2.07866647800 2.07865352400 1.96190670100 2.01413967300  126543.209847  831.302192193
2.03158577400 2.03158102200 1.96126764900 1.96683233100  51826.1316865  850.567090061
2.07318708500 2.07318315500 1.97816340600 2.00709543100  26702.1350983  833.499307661
2.03453566600 2.03453209300 1.96260975900 1.96999658200  15893.9988843  849.333845003
2.05916861600 2.05915880100 1.96113218600 1.99455791400  10378.2429902  839.173628897
2.26057301400 2.26057168700 1.96749268000 2.19348087600  7222.26330360  764.407957318
2.04236406100 2.04234909100 1.96144694300 1.97814291300  5266.18987001  846.078342739
