   MaxTime        MinTime     JacobiMin     JacobiMax      Residuals        MPUls   
3.82762899400 3.82760052200 3.75821239800 3.76319329400  12019999.9905  451.454412825
3.82459562200 3.82459480600 3.75818154200 3.76312721300  1999999.99999  451.812471379
3.82328163900 3.82328139700 3.75801574400 3.76299330100  425925.925763  451.967750001
3.82334281000 3.82334247100 3.75814653600 3.76304566100  126543.209842  451.960518811
3.82370811200 3.82370683700 3.75807873900 3.76330134200  51826.1316899  451.917340285
3.82268132600 3.82268037000 3.75765612000 3.76235415200  26702.1351013  452.038726913
3.82325864000 3.82325814100 3.75804425700 3.76298339900  15893.9988852  451.970468835
3.82315648100 3.82315581600 3.75677231000 3.76285959000  10378.2429891  451.982545990
3.82318915300 3.82318834300 3.75800866400 3.76291731100  7222.26330259  451.978683462
3.82179757300 3.82179683200 3.75705954800 3.76149144100  5266.18987024  452.143256411
