   MaxTime        MinTime     JacobiMin     JacobiMax      Residuals        MPUls   
1.30432454300 1.30316265400 1.25627192400 1.26247366600  12019999.9905  1324.82364859
1.30110874700 1.30110436100 1.25643728500 1.26262888100  1999999.99999  1328.09805789
1.30271021500 1.30269647200 1.25779361200 1.26425644200  425925.925796  1326.46537972
1.30287923900 1.30287448900 1.25811339600 1.26444402500  126543.209847  1326.29329586
1.30373185900 1.30372826200 1.25894793700 1.26524267500  51826.1316865  1325.42592104
1.30475106500 1.30474776200 1.26005773100 1.26629819500  26702.1350983  1324.39056488
1.30511656100 1.30511278500 1.26040187500 1.26670497200  15893.9988843  1324.01967122
1.30544534100 1.30544187200 1.26055340400 1.26699661100  10378.2429902  1323.68621322
1.30515412600 1.30515196500 1.26020297900 1.26672874100  7222.26330360  1323.98156323
1.30554513400 1.30553499800 1.26062069400 1.26706701900  5266.18987001  1323.58503356
