   MaxTime        MinTime     JacobiMin     JacobiMax      Residuals        MPUls   
1.30502007800 1.30381562600 1.25527751800 1.26101531300  12019999.9905  1324.11755890
1.30295574400 1.30294591300 1.25518719200 1.26101655500  1999999.99999  1326.21542056
1.30254526500 1.30253532400 1.25512573000 1.26067697400  425925.925796  1326.63335888
1.30276659000 1.30275947000 1.25512271900 1.26088799600  126543.209847  1326.40797919
1.30259773800 1.30259409700 1.25515434200 1.26068589600  51826.1316865  1326.57991764
1.30275818100 1.30275382800 1.25533139400 1.26092003700  26702.1350983  1326.41654085
1.30296463600 1.30295138100 1.25518676300 1.26106252500  15893.9988843  1326.20636989
1.30278083800 1.30277495300 1.25535450400 1.26090230000  10378.2429902  1326.39347279
1.30263103100 1.30262578500 1.25519921300 1.26071587400  7222.26330360  1326.54601255
1.30270381200 1.30269574500 1.25529436800 1.26085708500  5266.18987001  1326.47189951
