   MaxTime        MinTime     JacobiMin     JacobiMax      Residuals        MPUls   
1.29666978800 1.29542556700 1.25434401900 1.25853892500  12019999.9905  1332.64460697
1.29333439000 1.29332958000 1.25426332900 1.25851351500  1999999.99999  1336.08138263
1.29317229200 1.29316942100 1.25418882600 1.25834761200  425925.925796  1336.24885925
1.29316799600 1.29316428500 1.25423673200 1.25840559000  126543.209847  1336.25329837
1.29323020800 1.29321632100 1.25423670900 1.25835409400  51826.1316865  1336.18901670
1.29318772600 1.29318379700 1.25422630000 1.25836586300  26702.1350983  1336.23291132
1.29326562800 1.29326026700 1.25434017100 1.25847786800  15893.9988843  1336.15242112
1.29329728200 1.29329295200 1.25428492600 1.25845158700  10378.2429902  1336.11971822
1.29332164800 1.29331202600 1.25429417700 1.25853942300  7222.26330360  1336.09454591
1.29326180400 1.29325850400 1.25422599400 1.25846505100  5266.18987001  1336.15637194
