   MaxTime        MinTime     JacobiMin     JacobiMax      Residuals        MPUls   
15.3275684070 15.3275684070 15.0573759320 15.0573759320  12019999.9907  112.738038684
15.3348285740 15.3348285740 15.0730346730 15.0730346730  1999999.99988  112.684663651
15.3233339380 15.3233339380 15.0605311020 15.0605311020  425925.925769  112.769192853
15.3423714910 15.3423714910 15.0791962430 15.0791962430  126543.209762  112.629263410
15.3222248100 15.3222248100 15.0593043870 15.0593043870  51826.1316912  112.777355862
15.3423801490 15.3423801490 15.0793002870 15.0793002870  26702.1350987  112.629199852
15.3223180500 15.3223180500 15.0594111620 15.0594111620  15893.9988922  112.776669585
15.3420229410 15.3420229410 15.0787821790 15.0787821790  10378.2429895  112.631822195
15.3224861740 15.3224861740 15.0591662600 15.0591662600  7222.26329851  112.775432157
15.3421434410 15.3421434410 15.0791867100 15.0791867100  5266.18987139  112.630937564
