   MaxTime        MinTime     JacobiMin     JacobiMax      Residuals        MPUls   
5.56067036600 5.56061390000 5.44070693800 5.45185590800  12019999.9905  310.753899488
5.56488537800 5.56488420500 5.43372869700 5.46187619600  1999999.99999  310.518525113
5.55249765800 5.55249704200 5.43545917100 5.44820134100  425925.925763  311.211297408
5.55158494100 5.55158351800 5.43515215000 5.44831341900  126543.209842  311.262462588
5.54860553300 5.54860432600 5.43435505000 5.44513332100  51826.1316899  311.429599694
5.54961689700 5.54961574500 5.43325508700 5.44635633300  26702.1351013  311.372844661
5.54702404900 5.54702254000 5.43527232400 5.44405869300  15893.9988852  311.518389813
5.55856251300 5.55856106200 5.43576834900 5.45427903300  10378.2429891  310.871739943
5.54931832000 5.54931663500 5.43309749700 5.44613566700  7222.26330259  311.389597849
5.55527102600 5.55527022200 5.43534586300 5.45190450100  5266.18987024  311.055930829
