   MaxTime        MinTime     JacobiMin     JacobiMax      Residuals        MPUls   
2.82190135000 2.82169300400 2.71725287000 2.73466143000  12019999.9905  612.353085979
2.84419960000 2.84419770500 2.71686801100 2.75943657500  1999999.99999  607.552296963
2.82603310700 2.82603008800 2.71670330800 2.74035495100  425925.925796  611.457804836
2.87281712400 2.87281486400 2.71742422500 2.78636720900  126543.209849  601.500174015
2.82693751300 2.82693471200 2.71719523000 2.74204436900  51826.1316872  611.262184627
2.82248782200 2.82248483200 2.71695312200 2.73761335200  26702.1350985  612.225847896
2.83003390100 2.83003084300 2.71639601000 2.74488399100  15893.9988845  610.593392323
2.81948143100 2.81947834600 2.71678944100 2.73449002000  10378.2429902  612.878659530
2.82569611100 2.82569308600 2.71707270400 2.74081643200  7222.26330355  611.530728047
2.82690322300 2.82689918200 2.71683408900 2.74193906200  5266.18987010  611.269599164
