   MaxTime        MinTime     JacobiMin     JacobiMax      Residuals        MPUls   
22.1258733360 22.1258733360 21.7715394250 21.7715394250  12019999.9907  78.0986121433
22.1247941060 22.1247941060 21.7789173700 21.7789173700  1999999.99988  78.1024217320
22.1150659580 22.1150659580 21.7660438400 21.7660438400  425925.925769  78.1367780355
22.1127185730 22.1127185730 21.7666165800 21.7666165800  126543.209762  78.1450726782
22.1135568760 22.1135568760 21.7652236860 21.7652236860  51826.1316912  78.1421102760
22.1144981850 22.1144981850 21.7679265510 21.7679265510  26702.1350987  78.1387841381
22.1142060010 22.1142060010 21.7675218970 21.7675218970  15893.9988922  78.1398165470
22.1268444340 22.1268444340 21.7808176700 21.7808176700  10378.2429895  78.0951845689
22.6569017590 22.6569017590 22.3104435900 22.3104435900  7222.26329851  76.2681507993
23.0208416710 23.0208416710 22.6744414640 22.6744414640  5266.18987139  75.0624162529
