   MaxTime        MinTime     JacobiMin     JacobiMax      Residuals        MPUls   
5.58970281900 5.58965272400 5.46488118300 5.48084368600  12019999.9905  309.139869498
5.58676540500 5.58676438800 5.46689605100 5.48273609000  1999999.99999  309.302409307
5.58913678800 5.58913590100 5.46821447000 5.48490785000  425925.925763  309.171177150
5.58549101200 5.58549040100 5.46654876300 5.48160106700  126543.209842  309.372980153
5.57987808200 5.57987767100 5.46084305800 5.47589678700  51826.1316899  309.684185677
5.58169723500 5.58169533400 5.46208356300 5.47742257000  26702.1351013  309.583255280
5.58207759600 5.58207658300 5.46192472100 5.47813852600  15893.9988852  309.562160375
5.58112919000 5.58112844600 5.46068683300 5.47707736600  10378.2429891  309.614764535
5.58026433300 5.58026296700 5.46066059500 5.47638595300  7222.26330259  309.662750164
5.58104580500 5.58104513300 5.45957106000 5.47682732400  5266.18987024  309.619390411
