   MaxTime        MinTime     JacobiMin     JacobiMax      Residuals        MPUls   
0.695860463000 0.695595981000 0.634607631000 0.663814132000  12019999.9904  2483.25647437
0.694677295000 0.694659919000 0.634676808000 0.663844782000  2000000.00000  2487.48593403
0.694292176000 0.694272368000 0.633820321000 0.664084475000  425925.925798  2488.86572503
0.694463862000 0.694444497000 0.635174691000 0.664120358000  126543.209841  2488.25042533
0.694348255000 0.694333212000 0.633614175000 0.664080597000  51826.1316875  2488.66471192
0.694273418000 0.694255307000 0.635459930000 0.663987823000  26702.1350991  2488.93296963
0.694493465000 0.694478867000 0.634170306000 0.664210874000  15893.9988846  2488.14436288
0.694330974000 0.694323109000 0.635086627000 0.664061965000  10378.2429903  2488.72665156
0.694819694000 0.694805439000 0.635180048000 0.664440803000  7222.26330344  2486.97613917
0.694811568000 0.694802033000 0.634923236000 0.664547876000  5266.18987019  2487.00522499
