   MaxTime        MinTime     JacobiMin     JacobiMax      Residuals        MPUls   
1.92729143500 1.92701636100 1.81667019800 1.86569225300  12019999.9905  896.595070480
1.92607665900 1.92607140100 1.81747426100 1.86659427300  1999999.99999  897.160552736
1.92673154300 1.92672127700 1.81342242100 1.86728796500  425925.925796  896.855613476
1.92626352600 1.92625802300 1.81905796300 1.86678623800  126543.209847  897.073519109
1.92630865800 1.92628917800 1.82087525200 1.86676927100  51826.1316865  897.052501334
1.92571376600 1.92570660400 1.82109253300 1.86613802200  26702.1350983  897.329619027
1.92552301600 1.92551981500 1.82160949500 1.86608893600  15893.9988843  897.418512083
1.92585053600 1.92584571700 1.82166994400 1.86640339300  10378.2429902  897.265892497
1.92665503000 1.92664462300 1.82179268800 1.86725926100  7222.26330360  896.891230186
1.92679774600 1.92679197900 1.82062084000 1.86736747000  5266.18987001  896.824798341
