   MaxTime        MinTime     JacobiMin     JacobiMax      Residuals        MPUls   
1.02567936500 1.02562398200 0.947001060000 0.988768137000  12019999.9904  1684.73702306
1.02420437300 1.02419204700 0.947592543000 0.988906839000  2000000.00000  1687.16327088
1.02428902600 1.02426775100 0.947904344000 0.989011333000  425925.925794  1687.02383423
1.02442667900 1.02442165000 0.947695716000 0.989114868000  126543.209842  1686.79714754
1.02459169700 1.02457518300 0.947837578000 0.989269705000  51826.1316863  1686.52547650
1.02460995700 1.02460590600 0.947891977000 0.989267141000  26702.1350984  1686.49542023
1.02429484100 1.02428471400 0.948413187000 0.989058636000  15893.9988844  1687.01425686
1.02427118000 1.02426565000 0.948245881000 0.988981725000  10378.2429902  1687.05322745
1.02440633000 1.02438585500 0.948493221000 0.989100890000  7222.26330347  1686.83065439
1.02418607500 1.02417371000 0.948333841000 0.988910101000  5266.18987021  1687.19341356
