   MaxTime        MinTime     JacobiMin     JacobiMax      Residuals        MPUls   
1.96350237400 1.96319638400 1.88678909700 1.90145634800  12019999.9905  880.060051305
1.96725068400 1.96692151100 1.88631256400 1.90105440600  1999999.99999  878.383224901
1.96367485000 1.96367326500 1.88682608100 1.90086514600  425925.925796  879.982752745
1.95416006200 1.95415509200 1.88717085100 1.89454258100  126543.209849  884.267380959
1.95601461900 1.95601245600 1.88643154400 1.89621243700  51826.1316872  883.428980139
1.95925766100 1.95925582600 1.88607679200 1.89716467400  26702.1350985  881.966692996
1.96394062800 1.96393990000 1.88711149000 1.90421576100  15893.9988845  879.863665614
1.96118205100 1.96117983100 1.88713881800 1.90120042100  10378.2429902  881.101272123
1.96762695400 1.96762187900 1.88698729700 1.90433943300  7222.26330355  878.215251365
1.97234171700 1.97233735000 1.88699266700 1.91217189900  5266.18987010  876.115931183
