   MaxTime        MinTime     JacobiMin     JacobiMax      Residuals        MPUls   
0.660832934000 0.659688162000 0.627947596000 0.633410544000  12019999.9904  2614.88178191
0.657749660000 0.657738222000 0.627809709000 0.633469392000  2000000.00000  2627.13932836
0.657744846000 0.657739859000 0.627827335000 0.633467810000  425925.925794  2627.15855625
0.657787824000 0.657781248000 0.627868534000 0.633462531000  126543.209842  2626.98690513
0.657751777000 0.657736162000 0.627938038000 0.633433118000  51826.1316863  2627.13087281
0.657834126000 0.657818906000 0.627892399000 0.633539589000  26702.1350984  2626.80200328
0.657724565000 0.657721301000 0.627889910000 0.633447943000  15893.9988844  2627.23956494
0.657772690000 0.657763367000 0.627852502000 0.633458291000  10378.2429902  2627.04734671
0.657875483000 0.657863721000 0.627868075000 0.633575808000  7222.26330347  2626.63687073
0.657803757000 0.657799718000 0.627816624000 0.633501334000  5266.18987021  2626.92327554
