   MaxTime        MinTime     JacobiMin     JacobiMax      Residuals        MPUls   
1.94587978700 1.94470734200 1.88220046500 1.89176232500  12019999.9905  888.030191559
1.94125170100 1.94124774800 1.88227430500 1.89201638500  1999999.99999  890.147320468
1.94080433200 1.94080125200 1.88187679500 1.89161501300  425925.925796  890.352505664
1.94103534600 1.94103207100 1.88246503300 1.89185219700  126543.209849  890.246539591
1.94083105200 1.94082887100 1.88187605300 1.89167251700  51826.1316872  890.340247916
1.94097953400 1.94097677100 1.88216706100 1.89176934100  26702.1350985  890.272138233
1.94096800400 1.94096528500 1.88209972100 1.89182702500  15893.9988845  890.277426747
1.94095667600 1.94095340900 1.88220274300 1.89180231900  10378.2429902  890.282622671
1.94088496500 1.94088122100 1.88212087000 1.89171371600  7222.26330355  890.315516458
1.94108931300 1.94108697800 1.88231226000 1.89188046600  5266.18987010  890.221788574
