   MaxTime        MinTime     JacobiMin     JacobiMax      Residuals        MPUls   
3.86493992300 3.86489339000 3.77010446300 3.78180130700  12019999.9905  447.096212212
3.85708260700 3.85708228600 3.77020895700 3.77813221500  1999999.99999  448.006998052
3.87107454200 3.87107400200 3.77296227800 3.79216354300  425925.925763  446.387684156
3.86564934700 3.86564864600 3.77294649400 3.78689306700  126543.209842  447.014161111
3.86216487200 3.86216391100 3.76915277000 3.78330497300  51826.1316899  447.417460743
3.86691031100 3.86690942200 3.76620038900 3.78510791400  26702.1351013  446.868393892
3.85797802600 3.85797735200 3.77121109800 3.77908062300  15893.9988852  447.903017683
3.85996533100 3.85996425000 3.76629304600 3.77858809400  10378.2429891  447.672414600
3.86606616800 3.86606561900 3.77786264000 3.78723345800  7222.26330259  446.965966155
3.86050094300 3.86050044700 3.77152823300 3.78151472600  5266.18987024  447.610303822
