   MaxTime        MinTime     JacobiMin     JacobiMax      Residuals        MPUls   
0.392953523000 0.385485672000 0.314536722000 0.320485982000  12019999.9904  4397.46661846
0.351826786000 0.351817769000 0.314257442000 0.330080388000  2000000.00000  4911.50778952
0.336789392000 0.336779107000 0.314457278000 0.319899337000  425925.925798  5130.80293218
0.336701394000 0.336691743000 0.314323794000 0.319906256000  126543.209841  5132.14388414
0.336758517000 0.336754764000 0.314433660000 0.319916138000  51826.1316875  5131.27333911
0.343577267000 0.343573730000 0.314350581000 0.326036855000  26702.1350991  5029.43636256
0.336747629000 0.336730808000 0.314394107000 0.319938044000  15893.9988846  5131.43924764
0.338622080000 0.338610271000 0.314373532000 0.321811205000  10378.2429903  5103.03403724
0.336777434000 0.336773757000 0.314402567000 0.320007222000  7222.26330344  5130.98511226
0.337367981000 0.335758758000 0.314338843000 0.319984511000  5266.18987019  5122.00356085
